- azimuth: 0.7853981633974483    # 45 deg
  colatitude: 0.9599310885968813  # 55 deg
  radius: 0.042
  directivity: "omni"
- azimuth: 5.497787143782138   # -45 deg
  colatitude: 2.181661564992912 # 125 deg
  radius: 0.042
  directivity: "omni"
- azimuth: 2.356194490192345     # 135 deg
  colatitude: 2.181661564992912 # 125 deg
  radius: 0.042
  directivity: "omni"
- azimuth: 3.9269908169872414    # -135 deg
  colatitude: 0.9599310885968813  # 55 deg
  radius: 0.042
  directivity: "omni"
